image: novela.pgm
resolution: 0.050000
origin: [-44.850000, -53.150000, 0.000000]
negate: 0
occupied_thresh: 0.65
free_thresh: 0.196

